11110
10010
10010
11111
11111
11100
11100
11101
00000
00000
00000
11111
11111
01110
01110
01110
01111
01001
01001
11111
11111
00111
00111
10111
11111
11111
11111
11100
11110
11111
11111
11111
11111
11111
11111
00000
00000
00000
10001
11111
11111
11111
11111
00111
01111
11111
11111
11111
11110
10010
10010
11111
11111
11111
11100
11100
00000
00000
00000
11111
11111
11111
01110
01110
01111
01001
01001
11111
11111
11111
00111
00111
11101
11111
11111
11111
11111
11111
11111
11111
01110
11111
11111
11111
01111
10001
11111
11111
10111
11111
11111
11111
11111
11111
11111
11111
11110
11110
10010
11111
11111
11111
11111
11110
00000
00000
00000
11111
11111
11111
11111
01110
01111
01111
01001
11111
11111
11111
11111
01111
11101
11111
11111
11111
11111
11111
11111
11111
01110
11111
11111
11111
11001
11001
11111
11111
10111
11111
11111
11111
11111
11111
11111
11111
11110
11110
10010
11111
11111
11111
11111
11101
00000
00000
00000
11111
11111
11111
11111
01110
01111
01111
01001
11111
11111
11111
11111
10111
11110
11111
11111
11111
11111
11111
11111
11111
11111
11111
11111
11111
11111
11110
11111
11111
01111
11111
11111
11111
11111
11111
11111
11111
11110
11010
10010
11111
11111
11111
11110
11100
00000
00000
00000
11111
11111
11111
01110
01110
01111
01011
01001
11111
11111
11111
01111
00111
11101
11111
11111
11111
11111
11111
11111
11111
01110
11111
11111
10001
00000
10001
11111
11111
10111
11111
11111
11111
11111
11111
11111
11111
11110
10010
10010
11111
11111
11100
11100
11101
00000
00000
00000
11111
11111
01110
01110
01110
01111
01001
01001
11111
11111
00111
00111
10111
11111
11111
11111
11111
11111
11110
11110
11111
11111
11111
11111
11111
00000
01110
11111
11111
11111
11111
11111
11111
11111
01111
01111
11111
11110
10010
10010
11111
11111
11100
11100
11101
00000
00000
00000
11111
11111
01110
01110
01110
01111
01001
01001
11111
11111
00111
00111
10111
11111
11111
11111
11100
11110
11111
11111
11111
11111
11111
11111
00000
00000
11111
11111
11111
11111
11111
11111
00111
01111
11111
11111
11111
11110
11110
10010
11111
11111
11111
11101
11100
00000
00000
00000
11111
11111
11111
01110
01110
01111
01111
01001
11111
11111
11111
10111
00111
11100
11111
11111
11111
11111
11111
11111
11111
01110
11111
11111
11111
11111
11000
11111
11111
00111
11111
11111
11111
11111
00111
11111
11111
11110
10010
10010
11111
11111
10111
11010
11101
00000
00000
00000
11111
11111
01110
11111
11111
01111
01001
01001
11111
11111
11101
01011
10111
11010
10111
11111
11111
11111
11100
11111
11111
11111
01110
11111
11111
11111
00000
11100
11110
01011
11101
11111
11111
11111
00111
01111
01111
