00000
00110
01111
01010
01100
01000
00100
00011
00000
00000
00000
10000
01000
01000
01000
10110
00000
00000
00000
00000
00000
00000
00000
00000
01010
01100
00000
00000
00000
00000
00000
00000
00000
00111
00111
01111
01111
01111
01111
01111
00000
11110
11100
11000
10000
00000
11100
11000
00011
00111
00110
01100
01000
00000
00000
00000
10000
00000
00000
00000
00000
00000
00000
00000
00011
00111
01111
11111
11111
11111
11111
01111
10000
11000
11100
01110
10110
11110
11110
11100
00111
00011
00001
00001
00000
00000
00000
00000
11000
10000
00000
10000
11000
01100
00110
00011
