00111
01111
11100
11000
11000
11000
11000
11000
11100
11110
00111
00011
00011
00011
00011
00011
11000
11000
11000
11000
11000
11100
01111
00111
00011
00011
00011
00011
00011
00111
11110
11100
00001
00011
00111
01111
01111
01101
01001
00001
11100
11100
11100
11100
11100
11100
11100
11100
00001
00001
00001
00001
00001
00001
00111
01111
11100
11100
11100
11100
11100
11100
11110
11111
00111
01111
11100
11000
00000
00000
00000
00000
11100
11110
00111
00011
00011
00011
00111
01110
00000
00001
00011
00111
01110
11100
11111
11111
11100
11000
10000
00000
00000
00000
11111
11111
00111
01111
11100
11000
00000
00000
00011
00011
11100
11110
00111
00011
00011
00111
11110
11110
00000
00000
00000
00000
11000
11100
01111
00111
00111
00011
00011
00011
00111
01110
11110
11100
00000
00000
00001
00001
00011
00010
00110
00110
11100
11100
11100
01100
01100
01100
01100
01100
01100
01100
11000
11111
11111
00000
00000
00000
01100
01100
01100
11111
11111
01100
01100
01100
11111
11111
11000
11000
11000
11000
11111
11111
11111
11111
00000
00000
00000
00000
11111
11111
11111
11111
00000
00000
00000
00000
11111
11111
11111
11111
00011
00011
00011
00011
11111
11111
